%YAML:1.0
pose_0: !!opencv-nd-matrix
   sizes: [ 2, 15, 3 ]
   dt: f
   data: [ 5.38762939e+02, 1.47047455e+02, 8.78667831e-01,
       5.45346802e+02, 2.57985962e+02, 8.32780719e-01, 4.79976807e+02,
       3.00472931e+02, 9.37327206e-01, 4.53951263e+02, 4.04990417e+02,
       9.35536683e-01, 4.50548798e+02, 5.05994873e+02, 9.15415525e-01,
       6.17101685e+02, 3.00342377e+02, 8.95853400e-01, 6.39985046e+02,
       4.01614288e+02, 9.23552036e-01, 6.43410767e+02, 5.02784180e+02,
       8.88769448e-01, 5.09306122e+02, 5.02881012e+02, 8.76139402e-01,
       5.06186493e+02, 6.62920166e+02, 8.65407109e-01, 5.05974091e+02,
       8.13114624e+02, 8.29067290e-01, 5.87692566e+02, 4.99630524e+02,
       8.28211367e-01, 6.14016785e+02, 6.66010742e+02, 9.28680897e-01,
       6.53012939e+02, 8.19682922e+02, 8.29512656e-01, 5.48620300e+02,
       4.01707764e+02, 8.82728219e-01, 0., 0., 0., 1.95951950e+02,
       1.14255661e+02, 9.09320593e-01, 1.11027512e+02, 1.43778442e+02,
       8.55256617e-01, 6.52917557e+01, 3.26419006e+02, 8.31892073e-01,
       6.54685211e+01, 5.09378815e+02, 7.53007948e-01, 2.28627869e+02,
       1.92585480e+02, 7.47556686e-01, 0., 0., 0., 0., 0., 0.,
       1.46997879e+02, 4.83354004e+02, 6.69224918e-01, 0., 0., 0., 0.,
       0., 0., 2.25397034e+02, 4.83282013e+02, 7.14265227e-01, 0., 0.,
       0., 0., 0., 0., 1.86044571e+02, 3.26671936e+02, 7.63272762e-01 ]
