%YAML:1.0
pose_0: !!opencv-nd-matrix
   sizes: [ 2, 15, 3 ]
   dt: f
   data: [ 5.71437805e+02, 1.43796677e+02, 8.75475585e-01,
       5.78006348e+02, 2.54692062e+02, 8.52237999e-01, 5.06156342e+02,
       3.00535126e+02, 9.39172745e-01, 4.93068054e+02, 4.05018738e+02,
       8.55602443e-01, 4.99609680e+02, 5.06082001e+02, 9.36821342e-01,
       6.46535278e+02, 2.97239105e+02, 8.76461506e-01, 6.72682739e+02,
       3.98403595e+02, 8.55986357e-01, 6.66158203e+02, 4.86618713e+02,
       9.18517768e-01, 5.35525879e+02, 5.02903656e+02, 8.34050596e-01,
       5.09448212e+02, 6.62875916e+02, 9.10333753e-01, 5.05944885e+02,
       8.16245056e+02, 8.31835389e-01, 6.13805847e+02, 5.02834442e+02,
       7.93539405e-01, 6.36751282e+02, 6.66173767e+02, 8.91565681e-01,
       6.56380981e+02, 8.19669739e+02, 8.57023418e-01, 5.81178101e+02,
       4.01694550e+02, 9.14689898e-01, 0., 0., 0., 1.99269028e+02,
       1.17449516e+02, 8.70609760e-01, 1.14110374e+02, 1.50172989e+02,
       8.36675763e-01, 6.21617126e+01, 3.26517731e+02, 8.36780667e-01,
       5.87838707e+01, 5.22431030e+02, 7.07256794e-01, 2.44789627e+02,
       1.95860764e+02, 7.96063423e-01, 2.22041550e+02, 3.46155762e+02,
       6.03561819e-01, 0., 0., 0., 1.40310547e+02, 4.89776642e+02,
       6.56889379e-01, 0., 0., 0., 0., 0., 0., 2.22139008e+02,
       4.89787018e+02, 6.87715232e-01, 0., 0., 0., 0., 0., 0.,
       1.79659424e+02, 3.33080597e+02, 7.48884261e-01 ]
