%YAML:1.0
pose_0: !!opencv-nd-matrix
   sizes: [ 1, 15, 3 ]
   dt: f
   data: [ 5.74747681e+02, 1.14237572e+02, 8.52662623e-01,
       5.81160156e+02, 2.44844650e+02, 8.71922255e-01, 5.02849030e+02,
       2.48263947e+02, 8.68026257e-01, 4.57060913e+02, 2.93936249e+02,
       9.20970440e-01, 5.61667114e+02, 2.77513092e+02, 7.22223341e-01,
       6.62678589e+02, 2.74165436e+02, 8.72920573e-01, 7.18276611e+02,
       3.62401428e+02, 8.50285649e-01, 7.60842957e+02, 4.60364471e+02,
       7.99886227e-01, 5.38886047e+02, 5.09283875e+02, 8.50743949e-01,
       4.04837250e+02, 6.49815491e+02, 8.30287755e-01, 4.01553558e+02,
       8.42473694e+02, 8.06820571e-01, 6.26919739e+02, 5.06062683e+02,
       7.96057105e-01, 6.66039246e+02, 6.95539001e+02, 8.70389163e-01,
       7.21722595e+02, 8.61992615e+02, 7.57227957e-01, 5.84415649e+02,
       3.82168579e+02, 9.03627038e-01 ]
