%YAML:1.0
pose_0: !!opencv-nd-matrix
   sizes: [ 1, 15, 3 ]
   dt: f
   data: [ 5.61801270e+02, 1.17726471e+02, 8.76755059e-01,
       5.58396240e+02, 2.44916626e+02, 9.24912333e-01, 4.83121124e+02,
       2.51456650e+02, 9.08097982e-01, 4.31143005e+02, 2.97113159e+02,
       8.79156828e-01, 4.80090942e+02, 3.20046661e+02, 8.01245689e-01,
       6.26926697e+02, 2.93786469e+02, 8.19654644e-01, 6.53006287e+02,
       4.01533203e+02, 8.55731010e-01, 5.84351135e+02, 3.75624939e+02,
       7.97611833e-01, 5.09363373e+02, 4.83126617e+02, 8.25737417e-01,
       4.57069427e+02, 6.82398804e+02, 8.22857440e-01, 3.78848877e+02,
       8.49097412e+02, 8.09288502e-01, 5.87901428e+02, 4.83235474e+02,
       8.32644522e-01, 7.02062195e+02, 6.36675964e+02, 8.46891582e-01,
       6.82405029e+02, 8.19557129e+02, 8.21474195e-01, 5.55099731e+02,
       3.78789917e+02, 9.46426868e-01 ]
