%YAML:1.0
pose_0: !!opencv-nd-matrix
   sizes: [ 1, 15, 3 ]
   dt: f
   data: [ 6.00853577e+02, 3.92769127e+01, 8.58402014e-01,
       5.87635193e+02, 1.69917831e+02, 9.45675910e-01, 5.02909790e+02,
       1.73167908e+02, 8.41495156e-01, 4.04854736e+02, 2.21929398e+02,
       8.88338149e-01, 3.03616516e+02, 2.44953217e+02, 9.00381804e-01,
       6.66082458e+02, 2.41604263e+02, 8.93440068e-01, 6.88824951e+02,
       3.65743561e+02, 8.52622151e-01, 6.62793274e+02, 4.79977783e+02,
       9.33125257e-01, 4.86618683e+02, 4.21199005e+02, 7.54773796e-01,
       4.04790894e+02, 5.48521729e+02, 7.90899277e-01, 4.50580261e+02,
       7.70625244e+02, 7.62067735e-01, 5.77974854e+02, 4.34304016e+02,
       7.56562710e-01, 5.61764832e+02, 6.62945068e+02, 8.57143521e-01,
       5.84412720e+02, 8.94602051e+02, 8.07035148e-01, 5.58378723e+02,
       3.23089020e+02, 9.47080374e-01 ]
