%YAML:1.0
pose_0: !!opencv-nd-matrix
   sizes: [ 1, 15, 3 ]
   dt: f
   data: [ 5.84500977e+02, 1.14402504e+02, 9.24586713e-01,
       5.64968201e+02, 2.44719269e+02, 8.69981647e-01, 4.89849091e+02,
       2.74218628e+02, 8.54953468e-01, 4.17957397e+02, 3.75507294e+02,
       8.95366311e-01, 4.79878906e+02, 4.57080597e+02, 8.32049072e-01,
       6.36790161e+02, 2.51478409e+02, 8.69475007e-01, 7.44406128e+02,
       2.41641037e+02, 8.21850538e-01, 8.42439819e+02, 1.92637573e+02,
       7.53850341e-01, 5.06034119e+02, 4.86472626e+02, 7.65410542e-01,
       4.27718781e+02, 6.85672363e+02, 8.23808849e-01, 3.49212250e+02,
       8.48954285e+02, 7.94621646e-01, 5.84529602e+02, 4.96282318e+02,
       7.97648132e-01, 6.92109436e+02, 6.62914001e+02, 8.99959862e-01,
       6.88908447e+02, 8.48929382e+02, 8.71979952e-01, 5.58247742e+02,
       3.75637390e+02, 9.30342078e-01 ]
