%YAML:1.0
pose_0: !!opencv-nd-matrix
   sizes: [ 1, 15, 3 ]
   dt: f
   data: [ 5.15916565e+02, 1.30641388e+02, 8.05535495e-01,
       5.32250061e+02, 2.51548141e+02, 8.55974853e-01, 4.63706268e+02,
       2.71036560e+02, 8.78484249e-01, 3.82026733e+02, 2.90605591e+02,
       6.36349022e-01, 3.52669250e+02, 2.77488159e+02, 7.67936230e-01,
       5.94348816e+02, 2.71037720e+02, 7.58663952e-01, 6.59495300e+02,
       2.87325531e+02, 8.15902293e-01, 5.48607788e+02, 2.51433868e+02,
       6.58057153e-01, 5.09517853e+02, 5.06061493e+02, 8.20310533e-01,
       3.88517151e+02, 6.66002319e+02, 8.57230783e-01, 3.52660614e+02,
       8.45590027e+02, 7.82365680e-01, 5.94253235e+02, 4.99567535e+02,
       7.62033284e-01, 6.66199280e+02, 6.92414246e+02, 8.15339923e-01,
       7.57492004e+02, 8.45778564e+02, 6.79510832e-01, 5.42000366e+02,
       3.82137665e+02, 8.50858569e-01 ]
