%YAML:1.0
pose_0: !!opencv-nd-matrix
   sizes: [ 1, 15, 3 ]
   dt: f
   data: [ 4.73430450e+02, 6.85593262e+01, 8.24360669e-01,
       5.02830811e+02, 1.95939362e+02, 9.11081076e-01, 4.31004822e+02,
       2.44751007e+02, 8.60668540e-01, 3.49394135e+02, 2.97141968e+02,
       8.89128089e-01, 3.55931427e+02, 2.41664124e+02, 8.27399194e-01,
       5.84377441e+02, 2.18734192e+02, 8.46171618e-01, 6.59521362e+02,
       3.26446777e+02, 8.85271847e-01, 6.59631348e+02, 4.53973175e+02,
       8.25832844e-01, 4.80068817e+02, 4.50611603e+02, 8.38484228e-01,
       4.83323578e+02, 6.59647705e+02, 8.46105814e-01, 5.35693359e+02,
       8.52289795e+02, 7.95205712e-01, 0., 0., 0., 0., 0., 0., 0., 0.,
       0., 5.12622864e+02, 3.33050812e+02, 8.40518892e-01 ]
