%YAML:1.0
pose_0: !!opencv-nd-matrix
   sizes: [ 1, 15, 3 ]
   dt: f
   data: [ 5.32227905e+02, 1.14189728e+02, 8.99701118e-01,
       5.32297302e+02, 2.44864380e+02, 8.98000717e-01, 4.60351715e+02,
       2.48099991e+02, 8.51927936e-01, 3.52774353e+02, 2.71011536e+02,
       8.70732784e-01, 4.14671082e+02, 2.15411758e+02, 8.23384941e-01,
       6.10458862e+02, 2.84136810e+02, 8.24049473e-01, 6.62771240e+02,
       4.01500671e+02, 8.91661465e-01, 6.62759949e+02, 5.09520508e+02,
       8.45169425e-01, 4.53842255e+02, 4.80103607e+02, 8.56041193e-01,
       4.01741974e+02, 6.66138489e+02, 8.81654441e-01, 3.52543701e+02,
       8.49052979e+02, 8.76085997e-01, 5.38825867e+02, 4.96262024e+02,
       7.57855892e-01, 5.51808777e+02, 6.69414429e+02, 8.20008457e-01,
       5.91076782e+02, 7.96729858e+02, 7.78911352e-01, 5.12601624e+02,
       3.78678406e+02, 9.41565990e-01 ]
