%YAML:1.0
pose_0: !!opencv-nd-matrix
   sizes: [ 2, 15, 3 ]
   dt: f
   data: [ 5.61741760e+02, 1.50168137e+02, 8.88021648e-01,
       5.68210754e+02, 2.61249451e+02, 8.37994397e-01, 5.06009064e+02,
       3.03710876e+02, 9.02719378e-01, 4.86536713e+02, 4.08257751e+02,
       8.75131428e-01, 4.89831268e+02, 5.09254333e+02, 9.46254134e-01,
       6.43221558e+02, 3.00293243e+02, 8.96754563e-01, 6.66171936e+02,
       3.98327087e+02, 8.79811287e-01, 6.66032166e+02, 4.89805511e+02,
       9.29613054e-01, 5.35540405e+02, 5.06009125e+02, 8.37625682e-01,
       5.28952087e+02, 6.66089905e+02, 8.46072614e-01, 5.06047577e+02,
       8.19507202e+02, 8.65336657e-01, 6.13872986e+02, 5.02841370e+02,
       7.90227592e-01, 6.36736755e+02, 6.66172180e+02, 9.02170718e-01,
       6.56301819e+02, 8.19719482e+02, 8.48322988e-01, 5.77937805e+02,
       4.01758850e+02, 8.77148747e-01, 0., 0., 0., 2.02423798e+02,
       1.17456940e+02, 8.65668893e-01, 1.14210075e+02, 1.53443939e+02,
       8.39432359e-01, 6.53635635e+01, 3.26569153e+02, 8.33301306e-01,
       6.54409714e+01, 5.25682007e+02, 6.57382369e-01, 2.44826096e+02,
       1.95923843e+02, 8.09381068e-01, 0., 0., 0., 0., 0., 0.,
       1.43601471e+02, 5.02817413e+02, 6.75183117e-01, 0., 0., 0., 0.,
       0., 0., 2.25292435e+02, 4.99617798e+02, 6.73099160e-01, 0., 0.,
       0., 0., 0., 0., 1.86076874e+02, 3.39609131e+02, 7.48334289e-01 ]
