%YAML:1.0
---
extrinsicRotation: !!opencv-matrix
   rows: 3
   cols: 3
   dt: d
   data: [ -3.8164929846670415e-02, -2.9867017971109078e-02,
       9.9882500938218000e-01, 9.9926373154895454e-01,
       2.7888910344947559e-03, 3.8265087189973179e-02,
       -3.9284781604640440e-03, 9.9954999040783887e-01,
       2.9738589997368781e-02 ]
extrinsicTranslation: !!opencv-matrix
   rows: 3
   cols: 1
   dt: d
   data: [ 1.3720282688621943e+00, -4.0360394395101395e-01,
       -3.4012869444246352e-01 ]
