%YAML:1.0
---
extrinsicRotation: !!opencv-matrix
   rows: 3
   cols: 3
   dt: d
   data: [ 1.4955762217024993e-02, -9.9988593618155641e-01,
       2.1070839660386172e-03, 9.9977438991099055e-01,
       1.4985815446747930e-02, 1.5053059938180879e-02,
       -1.5082919300130931e-02, 1.8814786015634317e-03,
       9.9988447611894526e-01 ]
extrinsicTranslation: !!opencv-matrix
   rows: 3
   cols: 1
   dt: d
   data: [ -1.4338805542905496e-02, -7.2463006916058684e-02,
       -6.5011554510317057e-03 ]
